
% On page 14

A = [1 21 6; 5 17 9; 31 2 7]
A(1, 2) = 76
A([1 2], [2 3]) = 0
A([1 2], :) 






